      680-56-2337  63       79        92
    843-54-7138   69     84      69
   088-64-5093       70 57        50
  437-81-0554   65   48   68
     333-79-8482 69     58 58
      774-37-9064         78       86     72
        331-53-6253 77       75        62
  627-36-2617         82       85 72
 349-54-4427         84   96 100
   751-65-8911    89    100   100
573-73-2951        76   68 65
 893-87-0880       80      99  100
     389-45-2729     85         90   89
 772-21-9668        64 57 49
 232-86-1079   93  100     100
     402-23-0467    74      74  74
  016-19-4557        87   100      100
       384-77-2706       74     77      61
    722-62-7903         87        82      62
    194-42-3340    85 77       57
       081-89-7959        79         94 100
    009-27-7870     86   96     88
      065-73-7777      67     51      53
        193-02-1072  88      90         95
  994-30-8614        76    96 100
     093-48-0143         80   70 88
    389-97-3767   88   99      82
  868-82-7953     100 100      92
 863-90-8332        73  75        94
 067-64-0351        86      90    100
        032-79-8002      94         100     82
 573-48-6263      87     82   75
  025-09-4963         67       72   66
      163-84-9091     84       100 81
        278-37-3238      75         82        88
637-22-6428    83        68   53
     140-28-8338       80         78         64
  612-52-1803     20         17        31
        163-89-2274      69         57 38
013-89-2395      78    94      100
        055-70-2237 71  64         72
       264-47-0779   80        69        70
        672-29-2368 23    9        24
      468-62-9208   85   78     72
     445-67-0687    3       0   9
        842-79-1573  92    100   83
       533-37-1553      87    87       99
       527-83-2686        79  70       82
    608-70-4727        76       75      82
  810-33-3020        75    76      75
     693-20-0949  85    85 85
980-04-9259        87        84 74
   856-16-3045    82      88     77
  598-30-0265  23       16 16
